1
2
3
4
6
7
8
9
10
11
12
13
14
15
16
17
18
19
20
21
22
23
24
25
26
27
28
29
30
31
32
33
34
35
36
37
39
40
41
43
44
45
46
47
48
50
51
52
53
54
55
56
57
58
59
60
62
63
64
65
66
67
68
69
70
71
72
73
75
76
77
78
79
80
81
82
83
84
85
86
87
88
89
90
91
92
93
94
95
96
97
98
99
100
101
102
103
104
105
106
108
109
110
111
112
113
114
115
116
117
118
119
122
123
124
125
126
127
128
129
130
131
132
133
135
136
137
138
139
141
142
143
144
145
146
147
148
149
151
152
153
154
155
156
157
158
159
160
163
164
165
166
167
169
170
171
173
175
176
178
179
180
181
182
183
184
185
186
188
189
190
191
193
194
195
196
197
198
199
200
201
202
204
205
206
208
209
210
211
212
213
214
215
216
217
218
219
220
221
222
223
224
225
226
227
228
229
230
231
232
233
234
235
236
237
238
239
240
241
242
243
244
245
246
247
248
250
251
252
253
254
255
256
257
258
259
260
261
262
263
264
265
266
267
268
269
270
271
272
273
274
275
276
277
278
279
280
281
282
283
285
286
287
288
289
290
291
292
293
294
295
296
297
298
299
303
305
306
307
308
309
310
311
312
313
315
316
318
319
320
321
322
326
327
328
329
330
331
332
333
334
335
336
339
341
342
343
345
346
348
351
352
353
354
355
356
359
360
361
362
363
364
365
366
367
368
369
370
371
372
373
374
375
376
377
378
379
380
381
382
383
384
385
387
388
389
391
392
393
395
396
397
398
399
400
401
402
403
404
406
408
410
411
412
417
418
419
420
422
423
425
426
428
430
431
432
433
434
440
442
444
445
449
450
451
455
456
458
459
460
462
464
465
467
468
469
471
472
474
475
476
477
479
480
482
483
484
485
486
487
488
491
493
494
496
497
498
499
500
503
505
506
508
509
510
511
512
513
515
517
518
519
521
522
524
526
527
528
529
530
531
532
533
535
536
538
539
540
542
543
544
546
547
550
551
554
555
556
557
558
560
563
565
566
567
569
570
571
572
573
574
575
577
578
580
581
582
583
585
586
587
589
590
591
592
593
595
596
599
600
601
602
603
604
605
606
607
608
609
610
611
612
613
616
617
618
619
620
621
622
623
626
627
628
629
630
631
632
633
635
636
637
638
639
640
641
643
645
646
647
648
650
651
653
655
656
657
658
659
661
662
663
665
666
668
669
672
674
675
676
677
678
679
680
681
682
683
684
685
686
687
688
689
690
691
692
693
695
697
698
699
700
701
702
703
704
706
707
708
709
710
711
712
713
715
716
717
718
720
721
722
724
725
726
727
729
730
732
733
735
736
737
738
743
746
750
751
752
754
755
756
757
758
759
760
761
762
764
765
766
767
768
769
770
771
773
775
776
777
787
789
794
798
799
800
801
802
803
805
806
809
810
812
813
815
817
818
819
821
822
825
826
827
828
829
830
831
832
833
834
835
836
837
838
841
842
844
845
846
847
848
850
851
852
853
854
855
856
858
859
860
861
862
863
864
865
866
867
868
869
871
872
873
876
877
878
880
881
882
883
884
885
886
887
888
889
891
893
894
896
897
898
899
900
901
903
904
905
906
907
908
909
911
912
913
915
917
918
919
922
923
925
926
927
928
929
930
931
932
933
934
935
936
938
940
941
943
945
947
948
950
951
952
953
959
960
963
966
967
968
969
970
973
974
975
976
978
979
981
982
983
984
985
986
988
989
990
992
993
996
997
999
1001
1002
1003
1004
1005
1006
1007
1008
1009
1010
1011
1013
1019
1020
1021
1022
1023
1026
1027
1028
1029
1030
1031
1035
1036
1037
1038
1039
1041
1043
1044
1045
1046
1047
1048
1049
1050
1051
1052
1058
1059
1060
1061
1062
1063
1064
1068
1069
1070
1073
1076
1079
1080
1082
1083
1085
1086
1087
1089
1090
1091
1093
1096
1097
1098
1100
1101
1102
1104
1105
1106
1107
1109
1110
1111
1112
1113
1114
1115
1116
1117
1118
1120
1121
1123
1124
1125
1126
1127
1128
1129
1130
1132
1135
1137
1139
1140
1141
1142
1143
1145
1146
1148
1149
1150
1151
1152
1155
1159
1160
1161
1163
1164
1165
1166
1168
1169
1170
1172
1173
1174
1175
1176
1177
1178
1180
1181
1182
1184
1185
1187
1188
1189
1190
1191
1193
1194
1196
1197
1198
1199
1200
1201
1203
1205
1206
1207
1208
1210
1212
1213
1215
1217
1218
1219
1220
1221
1222
1223
1224
1225
1226
1227
1228
1229
1230
1231
1232
1233
1234
1235
1236
1237
1238
1239
1240
1241
1243
1246
1247
1249
1250
1251
1252
1253
1255
1258
1259
1260
1262
1263
1266
1268
1269
1270
1271
1273
1277
1278
1280
1281
1282
1285
1290
1293
1297
1298
1299
1300
1301
1302
1303
1305
1308
1310
1312
1313
1314
1315
1316
1317
1318
1319
1321
1322
1323
1326
1327
1328
1329
1332
1335
1338
1340
1341
1345
1347
1348
1355
1358
1360
1361
1362
1363
1365
1366
1367
1368
1369
1370
1371
1372
1373
1378
1380
1381
1382
1383
1386
1387
1388
1389
1390
1393
1395
1396
1397
1399
1400
1418
1419
1420
1421
1428
1430
1431
1432
1438
1439
1443
1446
1447
1448
1450
1452
1462
1466
1468
1469
1470
1478
1483
1486
1488
1492
1495
1496
1498
1499
1509
1982
1986
2193
2199
2286
2666
2669
2699
3839
3882
6836
1500
1515
1520
1522
1530
1532
1538
1548
1549
1555
1556
1557
1561
1565
1568
1566
1570
1583
1585
1600
1613
1616
1619
1622
1623
1626
1628
1636
1638
1639
1661
1662
1663
1668
1669
1673
1678
1680
1681
1682
1683
1685
1689
1698
1699
1700
1717
1718
1728
1733
1738
1768
1771
1777
1778
1788
1803
1808
1811
1813
1822
1823
1828
1830
1831
1833
1836
1838
1848
1856
1862
1863
1866
1868
1878
1880
1882
1883
1884
1888
1889
1899
1900
1908
1910
1913
1918
1928
1929
1938
1966
1968
1970
1972
1979
1980
1991
1993
1998
1999
2000
2002
2005
2007
2008
2010
2011
2012
2014
2018
2020
2023
2028
2030
2033
2038
2078
2080
2083
2086
2088
2098
2099
2100
2111
2112
2118
2121
2123
2128
2133
2138
2168
2178
2183
2186
2188
2198
2200
2211
2212
2213
2221
2222
2223
2226
2228
2229
2233
2236
2239
2255
2266
2268
2277
2280
2282
2283
2288
2298
2299
2300
2302
2303
2307
2309
2310
2312
2313
2314
2317
2319
2320
2322
2323
2324
2326
2327
2329
2330
2331
2336
2339
2341
2342
2343
2348
2349
2356
2358
2362
2366
2368
2369
2371
2378
2379
2380
2382
2383
2388
2389
2393
2398
2399
2468
2588
2608
2618
2623
2638
2662
2668
2678
2686
2688
2689
2700
2728
2738
2768
2788
2789
2877
2878
2882
2889
2898
3300
3301
3303
3308
3311
3313
3315
3318
3322
3326
3331
3333
3335
3336
3337
3339
3344
3360
3363
3368
3377
3380
3382
3383
3386
3389
3393
3398
3600
3608
3623
3626
3628
3633
3638
3639
3663
3666
3668
3669
3683
3688
3708
3709
3737
3773
3777
3778
3788
3799
3800
3808
3813
3816
3818
3822
3823
3828
3836
3838
3868
3883
3886
3888
3889
3899
3900
3918
3933
3939
3963
3966
3989
3998
3999
6108
6118
6123
6128
6133
6136
6139
6161
6166
6168
6183
6186
6230
6388
6808
6822
6823
6828
6830
6833
6838
6863
6868
6878
6880
6882
6888
6889
6893
6896
6898
6899
8001
8003
8005
8006
8007
8008
8009
8010
8011
8012
8016
8017
8018
8019
8020
8021
8022
8025
8026
8027
8028
8029
8030
8031
8032
8033
8037
8038
8041
8046
8047
8048
8050
8051
8053
8055
8057
8059
8060
8061
8063
8066
8067
8068
8070
8071
8072
8075
8076
8077
8078
8079
8080
8081
8082
8083
8085
8086
8087
8088
8089
8090
8092
8093
8096
8097
8098
8099
8100
8101
8102
8103
8108
8109
8111
8112
8113
8116
8117
8119
8120
8121
8122
8123
8125
8126
8127
8128
8129
8130
8131
8132
8133
8135
8137
8138
8140
8145
8147
8148
8150
8153
8155
8156
8158
8159
8161
8162
8163
8165
8166
8167
8169
8170
8171
8172
8173
8175
8176
8177
8178
8179
8181
8182
8186
8190
8191
8192
8193
8195
8196
8198
8200
8201
8202
8203
8206
8207
8212
8213
8215
8216
8217
8218
8220
8222
8225
8226
8228
8230
8233
8237
8238
8239
8242
8245
8246
9248
8250
8251
8255
8256
8260
8261
8262
8265
8266
8268
8269
8270
8271
8272
8277
8279
8280
8282
8290
8295
8296
8299
8306
8307
8310
8311
8312
8315
8316
8317
8318
8319
8325
8326
8327
8331
8335
8336
8337
8340
8345
8346
8351
8355
8356
8359
8361
8363
8366
8368
8369
8626
80737
